1000
325
663
281
261
401
370
405
775
745
566
910
369
879
832
57
445
265
429
742
341
854
147
915
411
599
375
201
938
775
277
661
453
292
294
714
45
16
119
821
761
38
83
130
269
915
539
714
180
969
456
874
175
956
789
939
907
516
492
845
292
769
858
97
61
504
811
107
521
931
280
282
969
363
765
590
278
304
305
811
625
113
37
801
69
178
92
976
694
584
174
338
354
32
435
767
537
247
226
58
530
506
692
851
869
809
441
500
466
98
663
443
212
700
596
281
878
688
610
924
273
784
263
979
168
50
98
57
297
325
467
827
183
512
30
53
321
472
905
139
570
568
583
134
620
179
416
498
868
378
422
493
514
37
472
34
88
570
92
385
895
559
565
431
71
947
484
745
419
741
884
342
661
467
476
281
999
244
131
219
622
905
712
488
943
184
523
31
106
615
768
2
526
685
433
950
633
269
695
404
362
931
746
23
751
223
656
102
467
787
321
442
692
33
930
987
569
805
18
675
772
139
677
651
824
462
601
809
83
648
214
797
931
960
172
682
535
828
784
3
967
105
797
12
490
79
351
59
885
370
735
9
509
764
660
685
579
613
495
14
261
61
812
193
21
984
227
557
165
364
912
484
821
61
848
312
140
200
371
377
922
458
739
783
223
399
468
802
13
315
816
626
376
980
171
750
317
399
659
834
763
571
318
584
984
167
896
476
719
620
854
641
78
945
424
653
344
892
455
709
560
624
336
936
956
507
686
273
258
345
107
373
268
778
958
252
297
206
729
16
178
935
657
609
880
81
262
576
325
718
638
885
694
974
174
650
833
212
276
444
910
735
817
530
513
127
135
810
686
216
826
864
503
835
473
383
268
736
311
594
806
949
831
852
275
357
854
461
922
130
905
832
218
74
714
731
202
849
542
888
65
720
752
568
908
578
303
176
666
615
122
472
916
954
676
192
663
530
653
585
13
910
769
231
984
484
314
186
333
208
426
751
929
531
671
837
109
327
365
775
294
488
599
210
442
275
754
457
157
407
43
170
669
812
753
654
648
68
192
334
276
971
85
557
502
108
746
611
435
112
738
729
600
689
940
394
964
694
851
473
454
246
644
475
411
749
481
59
817
674
393
446
645
830
3
499
939
750
462
726
862
200
456
814
889
748
208
205
794
59
678
248
658
674
76
69
776
557
128
593
583
874
39
580
56
395
79
347
497
541
74
359
93
882
173
982
630
733
539
424
144
570
25
802
596
101
871
372
10
352
318
594
226
709
174
282
104
254
630
601
795
56
312
241
938
837
575
568
570
115
344
715
37
721
517
633
174
741
6
185
93
676
779
319
385
953
953
490
559
935
443
355
991
756
596
929
593
171
849
516
638
546
583
675
267
452
661
442
193
19
627
286
695
406
957
80
711
263
922
271
550
366
978
542
474
926
823
67
449
25
935
88
571
518
115
838
971
128
280
516
147
259
155
842
665
464
275
729
727
197
0
278
563
978
172
37
904
347
457
353
372
744
793
943
263
261
134
586
389
414
102
537
674
609
731
691
74
6
420
153
204
772
783
119
750
307
157
6
655
966
712
27
710
857
323
325
118
457
911
508
223
366
397
249
327
128
293
401
487
65
907
43
838
690
162
940
350
671
299
5
637
363
384
700
220
59
25
691
516
289
199
92
7
948
341
334
428
986
88
915
52
995
310
242
37
473
534
387
144
833
392
134
196
129
186
769
188
211
460
705
852
11
149
859
959
842
194
739
829
282
7
233
629
317
475
666
790
9
54
287
195
798
773
743
927
959
512
116
522
324
173
375
335
322
234
646
164
780
386
345
62
393
578
691
710
53
710
853
415
764
492
610
562
265
705
842
224
570
958
746
894
483
473
582
157
708
228
321
488
614
667
903
359
597
946
422
651
656
627
418
772
119
380
687
384
85
529
960
655
839
58
902
322
532
484
479
592
712
152
432
679
171
687
390
769
634
812
772
642
439
190
415
558
570
102
294
655
983
254
663
822
665
565
144
549
49
975
141
113
127
573
792
299
261
183
420
247
347
192
889
787
382
656
697
952
110
344
959
93
950
622
915
615
539
411
164
940
386
657
54
866
583
198
165
196
381
585
443
81
129
684
868
511
693
917
463
803
261
774
249
212
397
516
179
288
928
696
229
666
353
283
532
936
481
49
484
215
986
279
296
115
964
516
626
9
785
441
164
399
216
413
963
965
930
142
253
210
838
482
876
544
117
409
832
951
810
317
518
797
596
814
264
912
682
243
273
467
684
438
218
252
